# Blender v2.93.4 OBJ File: ''
# www.blender.org
o Cube_Cube.001
v -0.933747 -0.139556 0.933747
v -0.933747 0.139556 0.933747
v -0.933747 -0.139556 -0.933747
v -0.933747 0.139556 -0.933747
v 0.933747 -0.139556 0.933747
v 0.933747 0.139556 0.933747
v 0.933747 -0.139556 -0.933747
v 0.933747 0.139556 -0.933747
v -0.933747 -0.139556 0.000000
v -0.933747 0.139556 0.000000
v 0.933747 -0.139556 0.000000
v 0.933747 0.139556 0.000000
v 0.000000 -0.139556 -0.933747
v 0.000000 0.139556 -0.933747
v 0.000000 -0.139556 0.933747
v 0.000000 0.139556 0.933747
v 0.000000 0.139556 0.000000
v 0.000000 -0.139556 0.000000
v -0.933747 0.139556 -0.466874
v 0.933747 -0.139556 -0.466874
v -0.933747 -0.139556 -0.466874
v 0.933747 0.139556 -0.466874
v 0.000000 -0.139556 -0.466874
v 0.000000 0.139556 -0.466874
v -0.933747 -0.139556 0.466874
v 0.933747 0.139556 0.466874
v -0.933747 0.139556 0.466874
v 0.933747 -0.139556 0.466874
v 0.000000 0.139556 0.466874
v 0.000000 -0.139556 0.466874
v 0.466874 0.139556 -0.933747
v 0.466874 -0.139556 0.933747
v 0.466874 0.139556 0.000000
v 0.466874 -0.139556 -0.933747
v 0.466874 0.139556 0.933747
v 0.466874 -0.139556 0.000000
v 0.466874 0.139556 -0.466874
v 0.466874 -0.139556 -0.466874
v 0.466874 0.139556 0.466874
v 0.466874 -0.139556 0.466874
v -0.466874 -0.139556 -0.933747
v -0.466874 0.139556 0.933747
v -0.466874 -0.139556 0.000000
v -0.466874 0.139556 -0.933747
v -0.466874 -0.139556 0.933747
v -0.466874 0.139556 0.000000
v -0.466874 -0.139556 -0.466874
v -0.466874 0.139556 -0.466874
v -0.466874 -0.139556 0.466874
v -0.466874 0.139556 0.466874
v -0.933747 -1.315156 0.466874
v -0.933747 -1.315156 0.933747
v -0.466874 -1.315156 -0.933747
v -0.933747 -1.315156 -0.933747
v 0.933747 -1.315156 -0.466874
v 0.933747 -1.315156 -0.933747
v 0.466874 -1.315156 0.933747
v 0.933747 -1.315156 0.933747
v -0.933747 -1.315156 -0.466874
v -0.466874 -1.315156 -0.466874
v 0.933747 -1.315156 0.466874
v -0.466874 -1.315156 0.466874
v 0.466874 -1.315156 -0.933747
v 0.466874 -1.315156 -0.466874
v 0.466874 -1.315156 0.466874
v -0.466874 -1.315156 0.933747
v 0.933747 1.692236 0.466874
v 0.933747 1.692236 0.933747
v -0.466874 1.692236 0.933747
v -0.933747 1.692236 0.933747
v -0.933747 1.692236 0.466874
v 0.466874 1.692236 0.466874
v 0.466874 1.692236 0.933747
v -0.466874 1.692236 0.466874
v 0.466874 0.915896 0.466874
v 0.933747 0.915896 0.466874
v 0.466874 0.915896 0.933747
v 0.933747 0.915896 0.933747
v -0.933747 0.915896 0.466874
v -0.466874 0.915896 0.466874
v -0.466874 0.915896 0.933747
v -0.933747 0.915896 0.933747
v 0.466874 1.304066 0.466874
v 0.466874 1.304066 0.933747
v 0.933747 1.304066 0.933747
v 0.933747 1.304066 0.466874
v 0.933747 0.527726 0.466874
v 0.466874 0.527726 0.466874
v 0.466874 0.527726 0.933747
v 0.933747 0.527726 0.933747
v -0.466874 0.527726 0.466874
v -0.466874 0.527726 0.933747
v -0.933747 0.527726 0.466874
v -0.933747 0.527726 0.933747
v -0.933747 1.304066 0.466874
v -0.933747 1.304066 0.933747
v -0.466874 1.304066 0.466874
v -0.466874 1.304066 0.933747
v -0.472116 0.915896 0.933747
v -0.472116 0.915896 0.466874
v -0.472116 1.304066 0.466874
v -0.472116 1.304066 0.933747
s off
f 21 19 4 3
f 34 31 8 7
f 28 26 6 5
f 45 42 2 1
f 7 20 55 56
f 83 84 73 72
f 48 19 10 46
f 38 20 11 36
f 20 22 12 11
f 25 27 10 9
f 47 23 18 43
f 37 24 17 33
f 39 29 16 35
f 49 30 15 45
f 32 35 16 15
f 41 44 14 13
f 31 14 24 37
f 41 13 23 47
f 7 8 22 20
f 45 1 52 66
f 44 4 19 48
f 9 10 19 21
f 43 18 30 49
f 33 17 29 39
f 1 2 27 25
f 46 10 27 50
f 36 11 28 40
f 11 12 26 28
f 18 36 40 30
f 12 33 39 26
f 13 34 38 23
f 8 31 37 22
f 5 6 35 32
f 86 83 72 67
f 22 37 33 12
f 23 38 36 18
f 30 40 32 15
f 13 14 31 34
f 17 46 50 29
f 9 43 49 25
f 14 44 48 24
f 40 28 61 65
f 3 4 44 41
f 25 49 62 51
f 21 47 43 9
f 24 48 46 17
f 29 50 42 16
f 15 16 42 45
f 65 61 58 57
f 63 56 55 64
f 54 53 60 59
f 51 62 66 52
f 34 7 56 63
f 32 40 65 57
f 1 25 51 52
f 41 47 60 53
f 38 34 63 64
f 47 21 59 60
f 49 45 66 62
f 28 5 58 61
f 5 32 57 58
f 20 38 64 55
f 3 41 53 54
f 21 3 54 59
f 74 71 70 69
f 67 72 73 68
f 84 85 68 73
f 97 95 71 74
f 85 86 67 68
f 98 97 74 69
f 95 96 70 71
f 96 98 69 70
f 90 87 76 78
f 89 90 78 77
f 87 88 75 76
f 88 89 77 75
f 94 92 81 82
f 93 94 82 79
f 92 91 80 81
f 91 93 79 80
f 78 76 86 85
f 77 78 85 84
f 76 75 83 86
f 77 84 102 99
f 39 35 89 88
f 26 39 88 87
f 35 6 90 89
f 6 26 87 90
f 50 27 93 91
f 42 50 91 92
f 27 2 94 93
f 2 42 92 94
f 82 81 98 96
f 79 82 96 95
f 81 80 97 98
f 80 79 95 97
f 100 99 102 101
f 75 77 99 100
f 83 75 100 101
f 84 83 101 102
